  single point
          ddsd    0.2829800000000000         1.000000         0.000000    
          ddsw    0.3217600000000000         1.000000         0.000000    
          ddgd    0.8733922000000000         1.000000         0.000000    
          ddgw    7.4747864999999997E-02     1.000000         0.000000    
         rcs1d    0.3080178000000000         1.000000         0.000000    
         rcs1w    0.5728968000000000         1.000000         0.000000    
         rcs2d    0.6452206000000000         1.000000         0.000000    
         rcs2w     1.000000000000000         1.000000         0.000000    
         rcs3d    9.6447062000000000E-02     1.000000         0.000000    
         rcs3w    0.9635861999999999         1.000000         0.000000    
         rcs4d    1.9016524000000000E-02     1.000000         0.000000    
         rcs4w    0.2439064000000000         1.000000         0.000000    
         rcs5d    1.7383043000000001E-02     1.000000         0.000000    
         rcs5w    0.1192303000000000         1.000000         0.000000    
         rcs6d    1.4248583000000000E-02     1.000000         0.000000    
         rcs6w    4.3818889000000000E-02     1.000000         0.000000    
         rcs7d    4.8836115000000001E-03     1.000000         0.000000    
         rcs7w    1.4975644000000000E-02     1.000000         0.000000    
         rcs8d     1.000000000000000         1.000000         0.000000    
         rcs8w     1.000000000000000         1.000000         0.000000    
         rcs9d     1.000000000000000         1.000000         0.000000    
         rcs9w     1.000000000000000         1.000000         0.000000    
        rcs10d     1.000000000000000         1.000000         0.000000    
        rcs10w     1.000000000000000         1.000000         0.000000    
        rcs11d    7.9656116999999999E-03     1.000000         0.000000    
        rcs11w    1.9549054000000000E-02     1.000000         0.000000    
        rcs12d     1.000000000000000         1.000000         0.000000    
        rcs12w    7.5273401000000004E-02     1.000000         0.000000    
        rcs13d     1.000000000000000         1.000000         0.000000    
        rcs13w    0.3742536000000000         1.000000         0.000000    
        rcs14d     1.000000000000000         1.000000         0.000000    
        rcs14w    0.7410132000000000         1.000000         0.000000    
        rcs15d     1.000000000000000         1.000000         0.000000    
        rcs15w    0.9763196000000000         1.000000         0.000000    
         rcr1d    5.7098405999999997E-02     1.000000         0.000000    
         rcr1w    9.3240527000000004E-02     1.000000         0.000000    
         rcr2d    0.6617163000000000         1.000000         0.000000    
         rcr2w    5.1616374000000000E-02     1.000000         0.000000    
         rcr3d    0.4347747000000000         1.000000         0.000000    
         rcr3w    3.7963604999999997E-02     1.000000         0.000000    
         rcr4d    6.7669693000000003E-02     1.000000         0.000000    
         rcr4w    1.9591906999999999E-02     1.000000         0.000000    
         rcr5d    1.6371075999999998E-02     1.000000         0.000000    
         rcr5w    2.0755223999999999E-02     1.000000         0.000000    
         rcr6d    6.6694932999999998E-02     1.000000         0.000000    
         rcr6w    1.6894664000000000E-02     1.000000         0.000000    
         rcr7d    2.4207761000000001E-02     1.000000         0.000000    
         rcr7w    1.2064429999999999E-02     1.000000         0.000000    
         rcr8d    7.1395304999999996E-03     1.000000         0.000000    
         rcr8w    1.5068494000000000E-02     1.000000         0.000000    
         rcr9d    0.8926659000000000         1.000000         0.000000    
         rcr9w     1.000000000000000         1.000000         0.000000    
        rcr10d    9.4970826999999994E-03     1.000000         0.000000    
        rcr10w     1.000000000000000         1.000000         0.000000    
        rcr11d    6.8751484999999999E-03     1.000000         0.000000    
        rcr11w    1.8570491000000001E-02     1.000000         0.000000    
        rcr12d    4.0684668000000000E-03     1.000000         0.000000    
        rcr12w    1.0409397000000001E-02     1.000000         0.000000    
        rcr13d    6.7716245999999997E-03     1.000000         0.000000    
        rcr13w    0.7632622000000000         1.000000         0.000000    
        rcr14d    1.1293240000000000E-02     1.000000         0.000000    
        rcr14w    0.9246474000000000         1.000000         0.000000    
        rcr15d    2.2193932999999999E-02     1.000000         0.000000    
        rcr15w    8.3600873000000006E-02     1.000000         0.000000    
          rcgd    2.1930811000000001E-02     1.000000         0.000000    
          rcgw    0.3551119000000000         1.000000         0.000000    
            tl     4.327962000000000         1.000000         0.000000    
            xw    0.9523951000000000         1.000000         0.000000    
            yw    2.5432843999999999E-04     1.000000         0.000000    
             x     1.156447000000000         1.000000         0.000000    
             y    2.8469425999999999E-02     1.000000         0.000000    
           tlr    6.8199999999999997E-02     1.000000         0.000000    
           tls    0.2220000000000000         1.000000         0.000000    
          beta    0.5100000000000000         1.000000         0.000000    
