  single point
          ddsd    0.3360900000000000         1.000000         0.000000    
          ddsw    0.8710300000000000         1.000000         0.000000    
          ddgd    0.8733922000000000         1.000000         0.000000    
          ddgw    7.4747864999999997E-02     1.000000         0.000000    
         rcs1d    0.3080178000000000         1.000000         0.000000    
         rcs1w    0.5728968000000000         1.000000         0.000000    
         rcs2d    0.6451495000000000         1.000000         0.000000    
         rcs2w     1.000000000000000         1.000000         0.000000    
         rcs3d    9.5559881999999999E-02     1.000000         0.000000    
         rcs3w    0.9729521000000000         1.000000         0.000000    
         rcs4d    1.8911064000000002E-02     1.000000         0.000000    
         rcs4w    0.2466128000000000         1.000000         0.000000    
         rcs5d    1.6921433999999999E-02     1.000000         0.000000    
         rcs5w    0.1452045000000000         1.000000         0.000000    
         rcs6d    1.3719932000000001E-02     1.000000         0.000000    
         rcs6w    5.4964218000000002E-02     1.000000         0.000000    
         rcs7d    4.7759339999999999E-03     1.000000         0.000000    
         rcs7w     1.000000000000000         1.000000         0.000000    
         rcs8d    0.4265131000000000         1.000000         0.000000    
         rcs8w    0.9199870999999999         1.000000         0.000000    
         rcs9d     1.000000000000000         1.000000         0.000000    
         rcs9w     1.000000000000000         1.000000         0.000000    
        rcs10d    0.3233465000000000         1.000000         0.000000    
        rcs10w    3.9319953999999997E-02     1.000000         0.000000    
        rcs11d    7.5385290000000004E-03     1.000000         0.000000    
        rcs11w    0.1650249000000000         1.000000         0.000000    
        rcs12d     1.000000000000000         1.000000         0.000000    
        rcs12w     1.000000000000000         1.000000         0.000000    
        rcs13d     1.000000000000000         1.000000         0.000000    
        rcs13w     1.000000000000000         1.000000         0.000000    
        rcs14d     1.000000000000000         1.000000         0.000000    
        rcs14w     1.000000000000000         1.000000         0.000000    
        rcs15d     1.000000000000000         1.000000         0.000000    
        rcs15w     1.000000000000000         1.000000         0.000000    
        rcs16d     1.000000000000000         1.000000         0.000000    
        rcs16w     1.000000000000000         1.000000         0.000000    
        rcs17d     1.000000000000000         1.000000         0.000000    
        rcs17w     1.000000000000000         1.000000         0.000000    
        rcs18d     1.000000000000000         1.000000         0.000000    
        rcs18w     1.000000000000000         1.000000         0.000000    
        rcs19d     1.000000000000000         1.000000         0.000000    
        rcs19w    0.1120011000000000         1.000000         0.000000    
         rcr1d    5.3870688999999999E-02     1.000000         0.000000    
         rcr1w    0.1040280000000000         1.000000         0.000000    
         rcr2d    0.4681088000000000         1.000000         0.000000    
         rcr2w     1.000000000000000         1.000000         0.000000    
         rcr3d    6.4997515000000006E-02     1.000000         0.000000    
         rcr3w    0.6203708000000000         1.000000         0.000000    
         rcr4d    2.2387905999999999E-02     1.000000         0.000000    
         rcr4w    0.1654679000000000         1.000000         0.000000    
         rcr5d    1.0704310999999999E-02     1.000000         0.000000    
         rcr5w    8.4064739999999999E-02     1.000000         0.000000    
         rcr6d    2.0269566999999999E-02     1.000000         0.000000    
         rcr6w    4.4612486000000000E-02     1.000000         0.000000    
         rcr7d    1.2651024000000000E-02     1.000000         0.000000    
         rcr7w    1.2726639000000000E-02     1.000000         0.000000    
         rcr8d    6.2367044000000002E-03     1.000000         0.000000    
         rcr8w    1.3221943000000000E-02     1.000000         0.000000    
         rcr9d    0.2898250000000000         1.000000         0.000000    
         rcr9w    1.5153102000000000E-02     1.000000         0.000000    
        rcr10d    1.0777708000000000E-02     1.000000         0.000000    
        rcr10w    1.5797920000000000E-02     1.000000         0.000000    
        rcr11d    6.5403403000000001E-03     1.000000         0.000000    
        rcr11w    1.1146279000000000E-02     1.000000         0.000000    
        rcr12d    4.0411103999999998E-03     1.000000         0.000000    
        rcr12w    9.6599315999999994E-03     1.000000         0.000000    
        rcr13d    6.7469013000000001E-03     1.000000         0.000000    
        rcr13w     1.000000000000000         1.000000         0.000000    
        rcr14d    1.1273469000000000E-02     1.000000         0.000000    
        rcr14w     1.000000000000000         1.000000         0.000000    
        rcr15d    2.2187954999999999E-02     1.000000         0.000000    
        rcr15w    8.3251926000000004E-02     1.000000         0.000000    
        rcr16d    3.5470552000000002E-02     1.000000         0.000000    
        rcr16w    0.1088762000000000         1.000000         0.000000    
        rcr17d    4.5565077000000002E-02     1.000000         0.000000    
        rcr17w    0.1047869000000000         1.000000         0.000000    
        rcr18d    4.9166202999999999E-02     1.000000         0.000000    
        rcr18w    9.9390241000000004E-02     1.000000         0.000000    
        rcr19d    4.9858753999999998E-02     1.000000         0.000000    
        rcr19w    9.5998271999999996E-02     1.000000         0.000000    
          rcgd    2.1930811000000001E-02     1.000000         0.000000    
          rcgw    0.3551119000000000         1.000000         0.000000    
            tl     5.000000000000000         1.000000         0.000000    
            xw    0.9523951000000000         1.000000         0.000000    
            yw    2.5432843999999999E-04     1.000000         0.000000    
             x     1.156447000000000         1.000000         0.000000    
             y    2.8469425999999999E-02     1.000000         0.000000    
           tlr    6.8199999999999997E-02     1.000000         0.000000    
           tls    0.2220000000000000         1.000000         0.000000    
          beta    0.5100000000000000         1.000000         0.000000    
