  single point
          ddsd    0.3836400000000000         1.000000         0.000000    
          ddsw    0.4870400000000000         1.000000         0.000000    
          ddgd    0.8733922000000000         1.000000         0.000000    
          ddgw    7.4747864999999997E-02     1.000000         0.000000    
         rcs1d    0.3085907000000000         1.000000         0.000000    
         rcs1w    0.5728968000000000         1.000000         0.000000    
         rcs2d     1.000000000000000         1.000000         0.000000    
         rcs2w    0.9967308000000000         1.000000         0.000000    
         rcs3d    0.1253535000000000         1.000000         0.000000    
         rcs3w     1.000000000000000         1.000000         0.000000    
         rcs4d    2.4036067000000001E-02     1.000000         0.000000    
         rcs4w     1.000000000000000         1.000000         0.000000    
         rcs5d    2.2216916999999999E-02     1.000000         0.000000    
         rcs5w    3.8359977000000003E-02     1.000000         0.000000    
         rcs6d    1.2808396999999999E-02     1.000000         0.000000    
         rcs6w    7.8953426000000007E-03     1.000000         0.000000    
         rcs7d    4.6585626999999996E-03     1.000000         0.000000    
         rcs7w    3.7717179999999999E-03     1.000000         0.000000    
         rcs8d     1.000000000000000         1.000000         0.000000    
         rcs8w     1.000000000000000         1.000000         0.000000    
         rcs9d     1.000000000000000         1.000000         0.000000    
         rcs9w     1.000000000000000         1.000000         0.000000    
        rcs10d     1.000000000000000         1.000000         0.000000    
        rcs10w     1.000000000000000         1.000000         0.000000    
        rcs11d    8.0910411999999994E-03     1.000000         0.000000    
        rcs11w    2.3179748000000000E-02     1.000000         0.000000    
        rcs12d     1.000000000000000         1.000000         0.000000    
        rcs12w    7.6378008999999997E-02     1.000000         0.000000    
         rcr1d    6.4372260000000001E-02     1.000000         0.000000    
         rcr1w    0.1554472000000000         1.000000         0.000000    
         rcr2d     1.000000000000000         1.000000         0.000000    
         rcr2w    0.7220054000000000         1.000000         0.000000    
         rcr3d    0.6392390000000000         1.000000         0.000000    
         rcr3w    0.2267381000000000         1.000000         0.000000    
         rcr4d    2.1447793000000000E-02     1.000000         0.000000    
         rcr4w    2.6213107999999999E-02     1.000000         0.000000    
         rcr5d    1.1531148000000000E-02     1.000000         0.000000    
         rcr5w    6.9857510000000001E-03     1.000000         0.000000    
         rcr6d    4.9780960000000004E-03     1.000000         0.000000    
         rcr6w    2.7831211000000002E-02     1.000000         0.000000    
         rcr7d    5.9242119000000003E-03     1.000000         0.000000    
         rcr7w    0.2358392000000000         1.000000         0.000000    
         rcr8d    6.6707918999999996E-03     1.000000         0.000000    
         rcr8w     1.000000000000000         1.000000         0.000000    
         rcr9d     1.000000000000000         1.000000         0.000000    
         rcr9w     1.000000000000000         1.000000         0.000000    
        rcr10d    1.9497863000000001E-02     1.000000         0.000000    
        rcr10w     1.000000000000000         1.000000         0.000000    
        rcr11d    7.4348629000000003E-03     1.000000         0.000000    
        rcr11w    2.5119028000000002E-02     1.000000         0.000000    
        rcr12d    4.0726345999999997E-03     1.000000         0.000000    
        rcr12w    1.0445546999999999E-02     1.000000         0.000000    
          rcgd    2.1930811000000001E-02     1.000000         0.000000    
          rcgw    0.3551119000000000         1.000000         0.000000    
            tl     1.694654000000000         1.000000         0.000000    
            xw    0.9523951000000000         1.000000         0.000000    
            yw    2.5432843999999999E-04     1.000000         0.000000    
             x     1.156447000000000         1.000000         0.000000    
             y    2.8469425999999999E-02     1.000000         0.000000    
           tlr    6.8199999999999997E-02     1.000000         0.000000    
           tls    0.2220000000000000         1.000000         0.000000    
          beta    0.5100000000000000         1.000000         0.000000    
